8 0.285893 0.517714 0.017616 0.036211
5 0.348099 0.514533 0.034131 0.038657
5 0.396910 0.519671 0.032663 0.042083
1 0.436913 0.517469 0.021653 0.031807
2 0.457465 0.513799 0.020919 0.030339
9 0.507010 0.514533 0.019451 0.039636
1 0.546829 0.522362 0.019084 0.032785
5 0.575822 0.519427 0.026424 0.034743
0 0.613807 0.520894 0.020919 0.035721
5 0.671609 0.518203 0.023488 0.038168
2 0.713447 0.518937 0.022020 0.032785
5 0.732714 0.510619 0.019451 0.038657
7 0.765377 0.562243 0.021653 0.033275
0 0.782443 0.562732 0.016148 0.026424
5 0.810885 0.562977 0.020185 0.028871