2 0.291427 0.900018 0.013224 0.039045
5 0.352460 0.898482 0.034077 0.040361
2 0.392131 0.900676 0.013732 0.036852
5 0.417307 0.900676 0.023904 0.038607
9 0.445026 0.906598 0.015258 0.053084
5 0.467786 0.900018 0.025176 0.043432
1 0.489783 0.905282 0.017293 0.032026
0 0.504406 0.905940 0.015512 0.030710
5 0.523860 0.905940 0.015767 0.031587
3 0.541279 0.904624 0.015512 0.042994
5 0.564675 0.908792 0.026702 0.036413
3 0.592140 0.904405 0.016530 0.041678
5 0.611848 0.909450 0.021361 0.035097
1 0.655207 0.911863 0.020598 0.045187
1 0.696531 0.913618 0.013224 0.039923
7 0.711535 0.918443 0.019327 0.035536
5 0.758326 0.957489 0.014750 0.029394
4 0.770914 0.956611 0.011444 0.032026
5 0.789097 0.962973 0.014750 0.027200