6 0.338788 0.908592 0.020243 0.071885
4 0.376462 0.916239 0.015182 0.065767
5 0.398954 0.918534 0.020243 0.056590
1 0.424820 0.927710 0.016307 0.053531
5 0.444922 0.926563 0.022211 0.058884
3 0.480207 0.919298 0.023054 0.084121
8 0.532079 0.926563 0.014901 0.066532
5 0.552182 0.912798 0.017431 0.065002
7 0.589575 0.926946 0.024179 0.085650
1 0.631888 0.932681 0.024460 0.075709
1 0.671812 0.923887 0.016588 0.048943
5 0.695569 0.924651 0.018556 0.058120
9 0.722981 0.935358 0.015463 0.082591
5 0.745755 0.932681 0.018837 0.066532
4 0.783710 0.929240 0.018837 0.058120
2 0.798752 0.931534 0.012933 0.058120
5 0.826023 0.928857 0.023617 0.078767