7 0.272622 0.960560 0.021370 0.048125
3 0.324391 0.955581 0.018360 0.049231
4 0.368334 0.962496 0.023176 0.055316
8 0.418147 0.958071 0.017457 0.046465
5 0.440269 0.948667 0.026186 0.050891
4 0.474582 0.958071 0.017156 0.046465
6 0.512806 0.961113 0.016554 0.048125
5 0.540196 0.959730 0.027991 0.049784
0 0.575260 0.960836 0.019263 0.044253
0 0.622816 0.957517 0.019263 0.046465
5 0.647496 0.955858 0.015049 0.040934
2 0.664653 0.952816 0.015049 0.035955
1 0.678648 0.952262 0.017156 0.042593
5 0.697309 0.947561 0.020166 0.040934
5 0.726655 0.956411 0.019865 0.047572
5 0.746369 0.952262 0.025584 0.042593