8 0.300450 0.614112 0.015169 0.027729
5 0.352319 0.615091 0.030339 0.032948
5 0.394769 0.614439 0.030094 0.033601
1 0.427065 0.616559 0.016393 0.030665
3 0.440644 0.613297 0.013212 0.028055
1 0.470860 0.611503 0.017371 0.023162
3 0.485663 0.611666 0.014680 0.028055
6 0.506459 0.613786 0.013212 0.023814
5 0.530436 0.611339 0.023488 0.024793
6 0.562855 0.610198 0.013457 0.036863
4 0.610932 0.621289 0.012233 0.029034
2 0.628792 0.613786 0.012723 0.027076
6 0.639558 0.613134 0.009297 0.030339
5 0.652647 0.605794 0.014435 0.025445
8 0.679805 0.608730 0.013457 0.028708
7 0.715894 0.605467 0.018105 0.027403