3 0.066064 0.203562 0.054917 0.018377
3 0.067656 0.259754 0.064468 0.021204
5 0.063278 0.315946 0.057305 0.026859
1 0.070839 0.365069 0.075611 0.026859
1 0.064472 0.385213 0.077202 0.021204
1 0.065666 0.430096 0.062080 0.025445
0 0.066860 0.451273 0.061284 0.022674
0 0.062210 0.491161 0.049765 0.030133
0 0.070881 0.547074 0.064091 0.027454
3 0.068242 0.610352 0.070877 0.025445
1 0.066734 0.646679 0.072385 0.021093
8 0.072766 0.663084 0.066353 0.016406
5 0.077667 0.687693 0.083695 0.027454
5 0.068619 0.716486 0.064091 0.026115
3 0.067865 0.735068 0.068615 0.017075
5 0.068619 0.762020 0.056551 0.027454