5 0.330177 0.605304 0.023243 0.025772
5 0.372871 0.604163 0.031807 0.033927
2 0.401864 0.606446 0.014435 0.026750
5 0.420948 0.605304 0.017371 0.025772
1 0.446027 0.608403 0.020063 0.031970
1 0.459606 0.609708 0.014435 0.029360
8 0.486274 0.608893 0.014435 0.029034
5 0.508906 0.607914 0.017616 0.025119
4 0.524809 0.607099 0.012723 0.030012
5 0.547685 0.608730 0.022265 0.028708
5 0.580104 0.612644 0.028871 0.029360
1 0.610442 0.610035 0.015169 0.024793
5 0.630138 0.610687 0.017371 0.022183
1 0.649834 0.606283 0.014191 0.032296
9 0.662679 0.604163 0.012967 0.035884
6 0.700357 0.610850 0.012967 0.028381
2 0.714548 0.611503 0.012967 0.024467