5 0.301200 0.601312 0.018331 0.034150
3 0.344767 0.597462 0.017075 0.029128
3 0.393607 0.599471 0.022851 0.036494
1 0.433156 0.596123 0.016573 0.025780
1 0.443451 0.598969 0.013560 0.025445
5 0.457890 0.601982 0.014815 0.024776
1 0.481996 0.599136 0.016824 0.025110
1 0.496937 0.597797 0.014062 0.024441
5 0.513384 0.595788 0.011300 0.021093
0 0.537616 0.602652 0.032141 0.041516
4 0.581810 0.597630 0.020088 0.040177
2 0.632282 0.591101 0.015569 0.030467
5 0.653877 0.586916 0.016573 0.027454
1 0.675472 0.588757 0.015569 0.033815
2 0.695812 0.585911 0.026115 0.029463
5 0.737369 0.590599 0.019837 0.026785
2 0.752812 0.590933 0.009542 0.025445
5 0.776542 0.593779 0.019335 0.026450