6 0.214257 0.682130 0.012512 0.025445
4 0.246246 0.687023 0.011804 0.024793
5 0.267611 0.685718 0.015817 0.027403
5 0.300663 0.682130 0.023372 0.032622
1 0.330291 0.688328 0.012748 0.026750
2 0.345282 0.685718 0.016290 0.019573
4 0.386714 0.688165 0.012748 0.027076
3 0.420592 0.686697 0.012984 0.028055
0 0.462733 0.690938 0.013221 0.026098
2 0.497791 0.691753 0.011568 0.027729
5 0.520573 0.692406 0.012276 0.021857
2 0.537452 0.689959 0.011096 0.026750
6 0.549256 0.689959 0.011568 0.026098
6 0.580183 0.689633 0.012040 0.024140
3 0.594348 0.690611 0.011568 0.025445