5 0.295361 0.955713 0.019656 0.061190
5 0.314624 0.953896 0.016773 0.050285
4 0.346992 0.958136 0.020181 0.070883
4 0.402816 0.960863 0.021229 0.071489
1 0.452088 0.957228 0.021753 0.065431
0 0.470041 0.959045 0.019918 0.061796
7 0.505946 0.944808 0.017822 0.047861
5 0.527306 0.947231 0.016511 0.052708
3 0.558101 0.949352 0.018870 0.064219
2 0.598200 0.949352 0.024112 0.059372
5 0.624147 0.939355 0.022015 0.051496
1 0.657825 0.956016 0.022277 0.060584
2 0.699234 0.939052 0.021753 0.056949
4 0.718498 0.947534 0.016773 0.065431
6 0.758466 0.949049 0.016511 0.066037
1 0.775239 0.957531 0.019132 0.080577
5 0.797123 0.946928 0.013628 0.058161