4 0.333492 0.662214 0.021947 0.036896
5 0.361323 0.658397 0.020992 0.037744
4 0.399014 0.665394 0.028308 0.049194
2 0.456902 0.661154 0.022583 0.044105
1 0.505884 0.668575 0.023855 0.034351
2 0.523219 0.668363 0.017176 0.039016
1 0.570134 0.663486 0.025127 0.039440
1 0.589218 0.663062 0.017494 0.040288
4 0.621819 0.670059 0.019084 0.036472
5 0.649968 0.667091 0.025763 0.032231
1 0.689567 0.663910 0.033079 0.042833
5 0.754612 0.669211 0.030216 0.034775
1 0.791985 0.672392 0.026718 0.047922
1 0.816158 0.665606 0.026081 0.053859
5 0.866412 0.668787 0.021628 0.028838
6 0.886768 0.667939 0.018448 0.034775