6 0.388836 0.662415 0.012806 0.028459
3 0.427883 0.659067 0.019084 0.029128
1 0.464042 0.662917 0.023604 0.026785
9 0.507357 0.683507 0.016322 0.023102
5 0.530082 0.683005 0.017075 0.021428
0 0.549794 0.683005 0.015820 0.024776
5 0.570761 0.683005 0.021093 0.028124
6 0.590096 0.650194 0.019084 0.032141
0 0.625502 0.646009 0.014564 0.023102
5 0.645339 0.646679 0.022599 0.028459
2 0.675598 0.644502 0.014313 0.032141
1 0.705981 0.644670 0.014313 0.029798
6 0.717783 0.637806 0.008789 0.028124
5 0.731594 0.633286 0.014815 0.026450
4 0.754696 0.675305 0.014815 0.024776
5 0.772524 0.674300 0.019335 0.028124