5 0.303576 0.515032 0.024032 0.042409
5 0.363479 0.511733 0.037815 0.041466
2 0.418787 0.511733 0.029686 0.049006
1 0.475332 0.512676 0.027566 0.042409
2 0.495830 0.515503 0.019084 0.036754
7 0.544070 0.507963 0.020851 0.041466
5 0.568278 0.504665 0.016964 0.032042
3 0.594607 0.509141 0.018024 0.040053
5 0.623586 0.509613 0.030040 0.039110
5 0.652212 0.510084 0.019437 0.039110
5 0.678541 0.512204 0.023325 0.043351
1 0.720243 0.508435 0.023325 0.038639
5 0.747102 0.509377 0.020498 0.036754
2 0.774491 0.504901 0.022265 0.038168
1 0.796226 0.502545 0.022618 0.039110
6 0.831036 0.510319 0.025799 0.044294
3 0.855068 0.512204 0.025799 0.047121