3 0.318066 0.629282 0.018595 0.031970
3 0.373116 0.629282 0.021531 0.035884
2 0.409204 0.629445 0.013457 0.029034
5 0.431102 0.627977 0.019573 0.026750
1 0.459116 0.625204 0.016393 0.027076
2 0.475876 0.627651 0.020063 0.033275
7 0.521751 0.627324 0.021775 0.029360
1 0.551845 0.638416 0.016882 0.022836
5 0.574599 0.633849 0.021286 0.029360
0 0.613501 0.626346 0.023243 0.033275
1 0.649467 0.626835 0.014925 0.028381
5 0.672343 0.625693 0.018105 0.033927
2 0.696687 0.632707 0.016882 0.029686
3 0.712224 0.632055 0.014680 0.033601
5 0.752471 0.630423 0.019818 0.029034
3 0.767029 0.631402 0.012233 0.032948
5 0.786113 0.634175 0.021041 0.030012