5 0.281659 0.609551 0.018743 0.036805
5 0.306707 0.609778 0.020447 0.032715
1 0.342319 0.613640 0.030330 0.036805
5 0.404682 0.606825 0.033738 0.041349
1 0.451540 0.609551 0.029989 0.043166
1 0.476418 0.608870 0.022492 0.039077
0 0.518334 0.613640 0.024537 0.041349
0 0.579505 0.611141 0.025559 0.032715
0 0.637268 0.606598 0.024537 0.027263
0 0.691453 0.611369 0.024537 0.034987
0 0.751772 0.611596 0.034079 0.030898
2 0.795733 0.615458 0.019766 0.041349
2 0.814306 0.610687 0.013291 0.032715
5 0.843614 0.609778 0.022151 0.039077