4 0.392595 0.947837 0.015138 0.055131
4 0.431805 0.946512 0.018612 0.058842
2 0.469526 0.945717 0.011167 0.039228
5 0.489255 0.947042 0.020846 0.045059
1 0.514072 0.943861 0.014890 0.037638
5 0.534297 0.942271 0.018612 0.034457
7 0.571770 0.945717 0.017620 0.039228
0 0.613586 0.944656 0.017868 0.033927
2 0.657263 0.947572 0.026802 0.043999
2 0.696721 0.954464 0.013401 0.047180
5 0.717691 0.952873 0.016627 0.046120
2 0.739653 0.941741 0.016875 0.037638
4 0.756777 0.948632 0.017868 0.060963
4 0.788542 0.955524 0.012408 0.041879
7 0.801942 0.954994 0.013897 0.042939
5 0.822664 0.955259 0.019605 0.044529