5 0.293955 0.480177 0.021546 0.033653
4 0.333816 0.480998 0.017545 0.034474
5 0.357978 0.482845 0.021546 0.030781
2 0.394146 0.485513 0.024932 0.041862
6 0.439085 0.484692 0.016929 0.041862
5 0.460016 0.485718 0.024317 0.033243
8 0.502032 0.485718 0.014775 0.029139
0 0.552358 0.487154 0.029242 0.032012
1 0.594219 0.493926 0.018776 0.032422
5 0.618536 0.487975 0.022470 0.035295
1 0.651317 0.490437 0.017853 0.027908
5 0.675326 0.491053 0.018468 0.031601
1 0.701182 0.495157 0.024624 0.042272
1 0.718727 0.492695 0.020931 0.044734
4 0.762589 0.495978 0.019392 0.035705
0 0.782597 0.497209 0.016929 0.029960