3 0.324251 0.441052 0.024385 0.049948
4 0.381503 0.437046 0.028626 0.044765
3 0.429919 0.433277 0.020144 0.037226
5 0.459252 0.434219 0.033574 0.035341
6 0.499541 0.423617 0.018024 0.048063
6 0.552552 0.431863 0.017317 0.033456
5 0.574463 0.429507 0.018731 0.029686
0 0.614221 0.440345 0.033220 0.033456
3 0.663168 0.430450 0.025799 0.046650
5 0.689497 0.429743 0.025445 0.038639
1 0.726251 0.437989 0.021204 0.046650
2 0.768483 0.433512 0.019437 0.032985
1 0.787037 0.429272 0.019084 0.035812
5 0.805061 0.431156 0.021204 0.036754
4 0.836514 0.433748 0.021204 0.042880
9 0.858955 0.433277 0.022265 0.038168