8 0.330834 0.593602 0.013904 0.030534
3 0.378408 0.590876 0.015267 0.030171
5 0.428708 0.594693 0.027535 0.031988
1 0.466876 0.596329 0.025900 0.036714
1 0.487595 0.596692 0.018811 0.039622
5 0.525354 0.592875 0.013086 0.026899
5 0.546483 0.595602 0.022083 0.028717
1 0.564340 0.598510 0.017448 0.027263
5 0.590104 0.593602 0.020447 0.032715
0 0.619002 0.592694 0.016085 0.028717
5 0.645992 0.582152 0.027535 0.046165
0 0.675981 0.589059 0.019357 0.033806
5 0.716194 0.589786 0.014177 0.025082
5 0.736914 0.585787 0.018539 0.032352
4 0.773173 0.593966 0.017448 0.032715
0 0.788919 0.595965 0.015400 0.027990