6 0.292376 0.527990 0.020063 0.034906
3 0.326629 0.522444 0.014191 0.030339
5 0.350729 0.520324 0.027647 0.026098
3 0.384371 0.521465 0.020063 0.032296
1 0.419113 0.521792 0.015659 0.023814
2 0.430613 0.524238 0.009297 0.024793
5 0.447250 0.520650 0.018595 0.027403
8 0.479546 0.520324 0.014680 0.032622
7 0.531415 0.517714 0.027892 0.030012
5 0.567503 0.515430 0.023733 0.028708
5 0.595028 0.508417 0.020552 0.028381
2 0.614602 0.512821 0.013212 0.030012
5 0.640536 0.508090 0.017127 0.032296
2 0.660966 0.513799 0.018350 0.030012
5 0.683108 0.503686 0.030339 0.026750
7 0.714915 0.510863 0.017616 0.037189
3 0.731797 0.510863 0.018595 0.042409