7 0.290851 0.923220 0.022773 0.063758
5 0.347363 0.927247 0.030646 0.073154
5 0.397830 0.917851 0.029240 0.063758
1 0.429459 0.919529 0.017150 0.056375
1 0.441689 0.918187 0.016869 0.059060
5 0.458699 0.919193 0.018837 0.054362
2 0.488079 0.916173 0.012371 0.049664
5 0.513664 0.909126 0.021368 0.059731
5 0.547121 0.917851 0.025866 0.061073
6 0.594073 0.918187 0.016307 0.068456
1 0.650585 0.922549 0.021930 0.066442
9 0.692055 0.913153 0.023898 0.071812
5 0.745333 0.913824 0.027553 0.061073
2 0.764170 0.911811 0.020243 0.054362