3 0.285237 0.557979 0.025900 0.044529
5 0.344023 0.555480 0.033738 0.040440
5 0.408261 0.560478 0.040894 0.054980
2 0.445917 0.563886 0.020106 0.035442
5 0.472839 0.558660 0.022833 0.031352
7 0.519016 0.562296 0.023173 0.033170
6 0.574393 0.562750 0.029648 0.044075
3 0.619718 0.560478 0.021469 0.039531
5 0.645958 0.559569 0.028285 0.040440
1 0.690431 0.570474 0.021129 0.041349
1 0.738822 0.564340 0.032034 0.044529
6 0.760121 0.571156 0.016698 0.030898
4 0.808002 0.574109 0.024537 0.040440
9 0.828108 0.575473 0.018402 0.039531