5 0.327648 0.739186 0.021469 0.053435
5 0.370408 0.739504 0.022543 0.055344
0 0.404580 0.727735 0.019323 0.041985
1 0.440542 0.726145 0.015386 0.038804
1 0.453602 0.726463 0.011450 0.034351
5 0.467378 0.731552 0.013240 0.047074
1 0.482586 0.730916 0.016460 0.044529
1 0.497078 0.731552 0.016102 0.049618
5 0.523915 0.732188 0.013955 0.033079
5 0.542521 0.731552 0.014671 0.035623
6 0.563633 0.731234 0.014671 0.043893
5 0.585639 0.729326 0.014313 0.038804
5 0.616591 0.725827 0.022543 0.040712
2 0.643786 0.726145 0.013955 0.038804
6 0.655057 0.725191 0.010735 0.034351
5 0.668297 0.720420 0.017176 0.031170
7 0.701396 0.726781 0.028268 0.061705
6 0.721434 0.726145 0.016102 0.055344