6 0.352587 0.766125 0.017113 0.061954
5 0.400815 0.759763 0.030182 0.047018
2 0.440487 0.767231 0.023648 0.050891
1 0.469580 0.764742 0.015869 0.041487
2 0.486382 0.765295 0.015869 0.047018
1 0.511118 0.755338 0.016802 0.041487
3 0.524031 0.760316 0.015246 0.042593
7 0.559347 0.761699 0.015558 0.040934
5 0.578172 0.766125 0.017736 0.045359
8 0.604308 0.764465 0.022714 0.060847
6 0.644914 0.760593 0.016180 0.056422
2 0.673073 0.755891 0.019603 0.038168
6 0.688319 0.750360 0.012135 0.045912
5 0.703721 0.749530 0.016180 0.036508
8 0.730169 0.749253 0.023025 0.055869
6 0.747594 0.758934 0.014935 0.053103