7 0.352244 0.752454 0.027348 0.060887
5 0.392755 0.749955 0.023003 0.046801
0 0.432882 0.748591 0.020447 0.046801
1 0.464959 0.743593 0.014057 0.029535
1 0.476716 0.738822 0.012524 0.031807
5 0.491796 0.740413 0.016613 0.038622
1 0.506620 0.749727 0.010479 0.028172
1 0.516077 0.748137 0.007923 0.030443
5 0.532562 0.739731 0.019425 0.039985
5 0.551603 0.740413 0.013035 0.041349
5 0.568983 0.742230 0.015591 0.046801
5 0.588536 0.738141 0.018914 0.035896
5 0.610772 0.737459 0.023514 0.044529
2 0.639398 0.728144 0.027092 0.038622
2 0.669685 0.730643 0.019169 0.039077
4 0.686554 0.732234 0.015591 0.046801
7 0.717992 0.731098 0.019169 0.047256
2 0.736011 0.729507 0.017380 0.044984