5 0.373277 0.632204 0.011812 0.025020
5 0.387477 0.631981 0.010053 0.027254
5 0.419897 0.633768 0.020608 0.035296
1 0.450683 0.632428 0.011812 0.031722
3 0.486496 0.624832 0.012063 0.037977
5 0.502078 0.627737 0.014576 0.033956
4 0.524822 0.627066 0.013320 0.027254
5 0.543922 0.623715 0.021865 0.028594
3 0.565284 0.623269 0.012817 0.036637
5 0.581997 0.623492 0.017592 0.030828
3 0.605998 0.622599 0.018346 0.032615
0 0.634020 0.623045 0.012566 0.027254
5 0.655382 0.610312 0.023624 0.035743
1 0.667194 0.621705 0.012063 0.027254
2 0.676869 0.622822 0.008796 0.027701
5 0.691697 0.618354 0.013320 0.025020
3 0.717708 0.653203 0.016084 0.031275
9 0.734421 0.658565 0.018849 0.033062