5 0.354283 0.645776 0.011408 0.025228
4 0.385029 0.637861 0.011130 0.024238
5 0.401863 0.635140 0.011408 0.027701
3 0.426905 0.637861 0.010852 0.025228
5 0.440956 0.634893 0.010573 0.029185
1 0.463077 0.669519 0.010852 0.027206
5 0.481441 0.667788 0.014747 0.029679
9 0.510657 0.626230 0.014747 0.036618
0 0.544682 0.628135 0.017266 0.026952
3 0.573529 0.621771 0.013476 0.029947
5 0.589216 0.616531 0.016213 0.034439
3 0.619326 0.620274 0.016213 0.035188
1 0.652596 0.618777 0.012423 0.027701
5 0.665545 0.612039 0.014318 0.032942
4 0.693234 0.654151 0.016635 0.039305
5 0.711448 0.652093 0.016845 0.035188