6 0.328531 0.747583 0.016603 0.046819
5 0.373044 0.745293 0.020897 0.050382
2 0.410115 0.747583 0.020038 0.043766
1 0.440029 0.737913 0.012309 0.029517
1 0.451622 0.737150 0.011450 0.030025
5 0.468082 0.731807 0.016889 0.031552
1 0.489838 0.737405 0.016889 0.037659
0 0.503292 0.739695 0.012882 0.034097
8 0.533779 0.737659 0.019466 0.044275
9 0.576145 0.734606 0.017176 0.047328
5 0.610067 0.744529 0.014027 0.034606
5 0.626670 0.743257 0.013454 0.032061
2 0.648139 0.735115 0.012309 0.032061
5 0.661164 0.737150 0.012595 0.059542
5 0.671183 0.730789 0.013740 0.029517
8 0.694370 0.735878 0.017176 0.060051
2 0.709828 0.733842 0.014885 0.048855
5 0.735019 0.735878 0.018321 0.041730