7 0.343695 0.688491 0.026424 0.052848
3 0.382368 0.696565 0.022295 0.046487
0 0.424343 0.683108 0.020368 0.062635
1 0.453107 0.688002 0.017891 0.054805
0 0.468933 0.689959 0.016515 0.052848
1 0.500312 0.685800 0.015964 0.029849
1 0.513937 0.689225 0.012386 0.038657
7 0.550958 0.690693 0.015964 0.034743
5 0.590319 0.685066 0.019267 0.046976
1 0.625963 0.691672 0.021745 0.052359
1 0.658030 0.688246 0.019818 0.043551
0 0.671104 0.685066 0.011285 0.037189
5 0.685968 0.686044 0.017341 0.033275
5 0.713906 0.684576 0.014313 0.044040
4 0.728907 0.683353 0.015139 0.040615
5 0.749413 0.679194 0.018166 0.042083