7 0.354060 0.723601 0.028402 0.039758
4 0.389283 0.726185 0.021022 0.036180
0 0.422717 0.724396 0.014537 0.042144
5 0.442845 0.733739 0.018115 0.056059
1 0.457941 0.731353 0.015208 0.040156
1 0.468116 0.730558 0.011406 0.035385
5 0.487126 0.727378 0.016326 0.041746
1 0.505576 0.727576 0.016102 0.032602
3 0.519889 0.728570 0.012971 0.033795
6 0.547173 0.730558 0.010735 0.032204
5 0.565176 0.735329 0.014537 0.032999
6 0.592125 0.730956 0.013866 0.053674
6 0.637412 0.721414 0.014537 0.045722
2 0.669504 0.726980 0.014760 0.040951
7 0.685383 0.727576 0.017444 0.045324
8 0.711661 0.731751 0.017668 0.058445
1 0.727092 0.731353 0.014984 0.045722
5 0.751245 0.740299 0.019457 0.043734