6 0.334317 0.734468 0.018189 0.056722
5 0.383369 0.737383 0.019680 0.049830
2 0.423326 0.724131 0.029819 0.047710
1 0.456276 0.725986 0.011033 0.039758
1 0.465520 0.723866 0.009244 0.034457
5 0.478342 0.728372 0.012226 0.042409
1 0.494891 0.730757 0.016698 0.035517
2 0.509055 0.730227 0.009244 0.031277
5 0.522473 0.730757 0.015208 0.033397
7 0.541706 0.727841 0.019084 0.037108
5 0.561834 0.727311 0.016997 0.033927
5 0.590162 0.724396 0.024750 0.039758
4 0.621621 0.724661 0.012524 0.043469
5 0.640705 0.724131 0.020873 0.038168
2 0.658596 0.724926 0.012524 0.034457
6 0.670374 0.720420 0.011033 0.038168
5 0.685134 0.722540 0.016102 0.033927
8 0.709884 0.717239 0.019084 0.056192
0 0.724346 0.718299 0.012822 0.047710
5 0.747157 0.718564 0.017295 0.045059