7 0.348735 0.731333 0.024431 0.044749
5 0.393031 0.728042 0.020729 0.045187
1 0.424372 0.738352 0.015794 0.032465
5 0.444607 0.737694 0.014807 0.045187
1 0.467434 0.722339 0.014560 0.037291
1 0.482117 0.719707 0.014313 0.035536
1 0.505067 0.723217 0.014807 0.032026
1 0.517529 0.723217 0.010611 0.031149
5 0.533200 0.724752 0.017768 0.036852
7 0.558247 0.724313 0.018508 0.040361
7 0.597485 0.719926 0.024924 0.045626
3 0.627591 0.716197 0.015053 0.051329
5 0.649431 0.711591 0.017768 0.035974
2 0.667322 0.717733 0.013573 0.036852
5 0.678797 0.720584 0.010858 0.025884
5 0.691753 0.716855 0.014560 0.025445
7 0.715443 0.713784 0.028873 0.054400
9 0.741108 0.718391 0.015547 0.043432