5 0.366900 0.727680 0.021469 0.045912
4 0.402993 0.731829 0.018980 0.049784
0 0.437376 0.727957 0.013068 0.036508
5 0.457756 0.720766 0.020225 0.042040
1 0.480159 0.727403 0.017736 0.053103
1 0.496494 0.731829 0.014935 0.051997
1 0.520453 0.728786 0.014935 0.041487
2 0.531654 0.729063 0.009957 0.035402
5 0.545656 0.726574 0.013691 0.035955
1 0.561681 0.727957 0.013380 0.029871
5 0.581594 0.728510 0.012757 0.035402
4 0.609754 0.720212 0.018669 0.047572
0 0.651603 0.711362 0.021469 0.045359
1 0.686141 0.729893 0.020225 0.039274
0 0.702166 0.727403 0.014313 0.033190
4 0.734525 0.727403 0.018047 0.053103
8 0.750239 0.721595 0.016491 0.049231
5 0.770308 0.725191 0.016802 0.049784