7 0.334089 0.760178 0.029342 0.062341
5 0.378101 0.766858 0.019323 0.048982
2 0.421577 0.766858 0.030415 0.040076
1 0.448771 0.763995 0.013240 0.035623
3 0.464874 0.772583 0.017533 0.054071
1 0.487653 0.807503 0.016048 0.026602
2 0.498930 0.810780 0.009108 0.027759
5 0.514870 0.811936 0.014530 0.031614
7 0.541761 0.767600 0.017566 0.038553
9 0.579061 0.767407 0.017132 0.042794
6 0.623410 0.760853 0.014313 0.048192
2 0.659951 0.765672 0.020602 0.039325
2 0.678710 0.760853 0.017349 0.036626
8 0.706794 0.816370 0.016265 0.038939
3 0.718396 0.819647 0.009542 0.032385
5 0.742034 0.820225 0.021253 0.034313