4 0.343114 0.759648 0.017891 0.063613
0 0.388438 0.745600 0.020873 0.037638
0 0.434359 0.750106 0.020873 0.048770
0 0.467756 0.737383 0.016698 0.041349
5 0.487884 0.735528 0.018786 0.046120
4 0.514571 0.741624 0.015506 0.048770
0 0.558256 0.731287 0.016997 0.037638
1 0.588522 0.740034 0.017295 0.037108
5 0.606711 0.736323 0.018488 0.041349
0 0.636530 0.731552 0.018488 0.040288
1 0.666498 0.729962 0.015804 0.036047
1 0.676040 0.728372 0.009244 0.036047
5 0.690949 0.729432 0.015804 0.037108
2 0.717339 0.728372 0.019680 0.059372
1 0.734932 0.722275 0.016698 0.053541
5 0.761172 0.726781 0.017891 0.045589