7 0.321316 0.731829 0.032360 0.043146
5 0.361766 0.741232 0.021781 0.042040
2 0.409372 0.736531 0.023648 0.041487
1 0.433797 0.732105 0.015869 0.041487
2 0.451533 0.733765 0.017113 0.039274
1 0.477514 0.738467 0.014935 0.043146
3 0.491983 0.732935 0.015246 0.049784
5 0.520920 0.726574 0.016491 0.038168
5 0.538189 0.730169 0.018047 0.039827
9 0.568993 0.729616 0.021781 0.053103
5 0.610998 0.721319 0.029871 0.045359
2 0.644291 0.720489 0.019914 0.032636
3 0.658760 0.720212 0.018358 0.051997
8 0.691431 0.720212 0.021469 0.064166
1 0.704344 0.726021 0.018669 0.053656
5 0.732192 0.729063 0.019603 0.051997