7 0.363457 0.748162 0.027433 0.057252
5 0.404209 0.756997 0.023060 0.046650
2 0.448142 0.745688 0.025843 0.049477
1 0.472251 0.747353 0.011543 0.032833
0 0.483563 0.751252 0.015698 0.037347
5 0.497068 0.747148 0.012697 0.026677
1 0.516229 0.755561 0.013620 0.039399
2 0.529157 0.752073 0.012235 0.040630
5 0.546240 0.749200 0.023778 0.043914
8 0.571057 0.756177 0.018007 0.051301
7 0.611457 0.751457 0.027703 0.054174
5 0.651279 0.742018 0.023778 0.031191
2 0.683137 0.751457 0.020546 0.034474
0 0.700105 0.745916 0.016622 0.034064
7 0.736233 0.811787 0.017776 0.041041
7 0.755048 0.812813 0.019853 0.036526