3 0.619061 0.518621 0.008224 0.023084
5 0.574912 0.525546 0.016015 0.027701
3 0.545697 0.520160 0.015582 0.032318
5 0.513451 0.527085 0.014283 0.036934
1 0.489213 0.521699 0.014283 0.033857
1 0.479258 0.518621 0.010821 0.030779
5 0.469087 0.518236 0.012119 0.033087
0 0.447445 0.519391 0.013850 0.027701
3 0.418446 0.520930 0.011253 0.029240
5 0.403946 0.522853 0.013418 0.031548
0 0.386417 0.529778 0.012119 0.028470
1 0.354171 0.519391 0.012552 0.036934
1 0.342052 0.520160 0.012552 0.035396
4 0.318680 0.519006 0.012552 0.030009
5 0.303098 0.519775 0.015149 0.031548