7 0.342616 0.762666 0.027394 0.046466
5 0.380691 0.756188 0.028148 0.046913
2 0.421907 0.756635 0.030661 0.048700
1 0.452442 0.752167 0.014828 0.040658
3 0.466767 0.752167 0.012817 0.035296
1 0.496046 0.751050 0.020608 0.041104
2 0.512005 0.752390 0.012315 0.039317
8 0.543545 0.747029 0.016084 0.041104
7 0.583630 0.742114 0.020357 0.044679
5 0.625349 0.749039 0.021865 0.045126
2 0.658397 0.747922 0.019100 0.047359
6 0.674984 0.737423 0.014074 0.042445
8 0.747741 0.740550 0.018346 0.055848
5 0.769983 0.737870 0.027142 0.059423