5 0.336720 0.760042 0.021749 0.058864
3 0.376648 0.754559 0.023697 0.043283
0 0.407325 0.743017 0.015582 0.039820
5 0.428587 0.747922 0.016556 0.047322
0 0.456342 0.746480 0.018828 0.050208
0 0.499192 0.743594 0.014932 0.036357
0 0.540256 0.732341 0.018503 0.040397
3 0.574179 0.736669 0.015582 0.046745
5 0.595766 0.739843 0.021100 0.064635
0 0.620275 0.728301 0.024671 0.061173
1 0.653062 0.728301 0.018179 0.038089
5 0.673188 0.715605 0.018828 0.045014
1 0.698995 0.723684 0.015257 0.035780
3 0.715226 0.726570 0.014608 0.051939
5 0.742169 0.730032 0.018503 0.049631