6 0.377799 0.748153 0.020256 0.073407
5 0.414286 0.743075 0.021555 0.043860
2 0.454409 0.741459 0.029086 0.049861
1 0.492974 0.743998 0.013244 0.034626
2 0.508556 0.737996 0.019477 0.042936
1 0.530370 0.732918 0.016361 0.031856
1 0.542186 0.731302 0.009868 0.027701
5 0.555690 0.734765 0.011427 0.030933
7 0.585945 0.739612 0.029346 0.048015
9 0.623211 0.735457 0.028047 0.052632
2 0.653076 0.728763 0.016620 0.033703
5 0.675410 0.731764 0.018698 0.036934
2 0.691251 0.731994 0.016101 0.034626
6 0.703846 0.725531 0.011167 0.039243
5 0.719688 0.725762 0.018958 0.035088
8 0.741113 0.736380 0.019737 0.051708
1 0.755136 0.736380 0.019217 0.048938
5 0.785650 0.745845 0.021555 0.044783