6 0.343909 0.742154 0.016698 0.061796
5 0.390256 0.742760 0.022833 0.044832
1 0.431320 0.740034 0.021810 0.043015
0 0.474089 0.740034 0.018062 0.032110
1 0.505952 0.740640 0.017039 0.034533
1 0.519584 0.741549 0.010905 0.036350
5 0.534408 0.743669 0.016698 0.034533
4 0.557922 0.742760 0.013972 0.039985
6 0.588763 0.737308 0.015676 0.046044
5 0.608699 0.736096 0.017380 0.039985
2 0.668507 0.729735 0.014313 0.038168
4 0.680605 0.733370 0.011927 0.041803
5 0.693895 0.730643 0.017380 0.036350
5 0.711787 0.730340 0.016358 0.051496
8 0.726952 0.730038 0.015335 0.053314
5 0.748421 0.738822 0.015335 0.057555
0 0.641585 0.738216 0.019084 0.032110