7 0.357125 0.811836 0.025418 0.053962
5 0.400064 0.805256 0.023937 0.050452
2 0.439548 0.804817 0.026405 0.048697
1 0.476688 0.807230 0.017768 0.042116
3 0.491494 0.813372 0.014807 0.048258
1 0.512717 0.793411 0.007403 0.034658
3 0.523082 0.798675 0.014313 0.048697
6 0.553312 0.803282 0.013573 0.038607
5 0.571326 0.807011 0.016534 0.036413
6 0.596004 0.800869 0.010611 0.041678
5 0.617473 0.802185 0.017521 0.047820
0 0.645112 0.805475 0.019989 0.043871
2 0.673615 0.806572 0.020236 0.047820
6 0.689902 0.803720 0.014313 0.044749
7 0.729139 0.796920 0.023690 0.041678
9 0.747524 0.799772 0.014560 0.045626