7 0.348770 0.736468 0.025698 0.054939
5 0.392848 0.730685 0.028626 0.039903
0 0.429444 0.721432 0.019843 0.045686
1 0.468967 0.732130 0.021469 0.053204
1 0.486695 0.734155 0.016590 0.060722
1 0.508490 0.732130 0.013988 0.040481
3 0.520038 0.733287 0.013012 0.039325
5 0.556796 0.733287 0.013662 0.042794
8 0.594856 0.727504 0.020819 0.054360
4 0.635843 0.728082 0.019518 0.054360
2 0.660403 0.728372 0.017241 0.035276
1 0.676017 0.724902 0.013988 0.038746
5 0.691794 0.723745 0.014964 0.039903
7 0.714239 0.720564 0.024072 0.053204
4 0.736197 0.715938 0.015939 0.045108
5 0.760756 0.724323 0.018867 0.045686