6 0.358575 0.609195 0.009047 0.037083
5 0.401299 0.612546 0.012063 0.028594
4 0.434473 0.613663 0.012566 0.028148
1 0.474684 0.610982 0.013571 0.028148
1 0.507355 0.615003 0.015582 0.029041
2 0.522309 0.613886 0.013822 0.027701
0 0.547189 0.614780 0.019351 0.025914
3 0.578981 0.614780 0.014576 0.025914
5 0.594186 0.606291 0.016336 0.037530
2 0.619066 0.612769 0.015833 0.023680
5 0.637538 0.614556 0.017592 0.022786
2 0.652617 0.610982 0.011058 0.026360
4 0.662544 0.613439 0.008796 0.029488
5 0.675110 0.616120 0.014325 0.025020
5 0.698231 0.614110 0.018346 0.034403
8 0.710672 0.617907 0.009047 0.027701
5 0.727133 0.617237 0.012817 0.031722