4 0.303765 0.745404 0.017706 0.037774
5 0.326960 0.747608 0.018061 0.044699
5 0.355645 0.747608 0.027268 0.049736
0 0.397255 0.740997 0.020540 0.046588
1 0.427710 0.740053 0.020540 0.057290
1 0.442584 0.745719 0.016998 0.056031
1 0.465425 0.733442 0.013811 0.036515
0 0.476757 0.736590 0.011686 0.036515
5 0.491808 0.735016 0.014165 0.039663
4 0.515535 0.730609 0.019831 0.043440
4 0.559092 0.738164 0.016998 0.072400
3 0.594683 0.721796 0.023018 0.044699
2 0.630450 0.719592 0.019477 0.044070
2 0.651166 0.714241 0.021248 0.037144
6 0.684809 0.700705 0.016290 0.054143
4 0.703046 0.712352 0.019477 0.059809