5 0.332252 0.670229 0.016603 0.043766
5 0.354294 0.669466 0.017176 0.046310
3 0.379485 0.671247 0.018321 0.043766
0 0.425286 0.671756 0.021183 0.038677
9 0.461927 0.671247 0.018321 0.045802
8 0.504437 0.674809 0.014027 0.042748
0 0.546088 0.676336 0.019466 0.041730
3 0.578578 0.676845 0.016889 0.041730
5 0.598330 0.677354 0.018607 0.034606
1 0.628674 0.672265 0.014027 0.039695
1 0.656870 0.680407 0.019466 0.045802
0 0.670038 0.678372 0.010878 0.041730
5 0.685353 0.681425 0.019752 0.036641
3 0.706966 0.673282 0.022901 0.050891
6 0.723569 0.676081 0.013168 0.046310
5 0.744895 0.678880 0.016889 0.030534