1 0.423439 0.675900 0.012243 0.023744
1 0.446255 0.671745 0.009794 0.024931
5 0.456384 0.672339 0.009126 0.019786
2 0.483540 0.674911 0.011352 0.035220
5 0.499122 0.678275 0.011352 0.029284
1 0.517931 0.680847 0.009794 0.028888
5 0.534626 0.683023 0.013356 0.030075
0 0.556107 0.679066 0.012243 0.031658
2 0.588606 0.680847 0.014914 0.032845
2 0.621327 0.682628 0.021147 0.032450
0 0.653492 0.686981 0.013801 0.029284
7 0.686882 0.686189 0.017362 0.035615
1 0.714150 0.685793 0.009126 0.024535
7 0.723610 0.686387 0.008904 0.024931
5 0.736298 0.688564 0.011575 0.030867