3 0.344484 0.608463 0.010477 0.026746
4 0.377663 0.608702 0.009134 0.026268
5 0.389752 0.608224 0.010209 0.024358
3 0.418900 0.610851 0.009940 0.022925
5 0.430721 0.603687 0.011015 0.024835
2 0.465780 0.603209 0.019343 0.032477
1 0.492242 0.605836 0.015313 0.042506
1 0.505272 0.596762 0.016119 0.036775
3 0.527704 0.599866 0.009403 0.032477
5 0.548390 0.598195 0.021761 0.031999
0 0.574718 0.592941 0.013164 0.031999
3 0.604672 0.596523 0.014507 0.033432
5 0.624284 0.590314 0.021492 0.034387
9 0.649134 0.591508 0.016925 0.039641
4 0.681775 0.589359 0.016119 0.032477
6 0.696416 0.584583 0.012089 0.029611