6 0.383492 0.732824 0.023473 0.054962
3 0.420992 0.731807 0.016031 0.042748
2 0.465792 0.737913 0.020324 0.044784
9 0.495420 0.734860 0.014885 0.038677
5 0.516317 0.733588 0.016603 0.044275
1 0.540935 0.733333 0.014885 0.036641
2 0.550954 0.735115 0.007443 0.032061
5 0.565983 0.734351 0.015744 0.032570
6 0.581441 0.733842 0.011164 0.032570
5 0.597901 0.735369 0.013168 0.032570
3 0.629676 0.735623 0.027481 0.057506
0 0.677767 0.734351 0.024046 0.047837
1 0.700382 0.739440 0.013740 0.041730
2 0.712118 0.738422 0.010878 0.039695
5 0.725859 0.731552 0.014313 0.040204
5 0.753197 0.728753 0.023187 0.033588
5 0.770945 0.730025 0.018034 0.036132