2 0.349823 0.752757 0.029521 0.047710
1 0.387395 0.763094 0.021171 0.041879
0 0.433166 0.752757 0.019680 0.045589
5 0.472080 0.756202 0.017593 0.055662
2 0.503538 0.754347 0.013120 0.037108
5 0.528288 0.748516 0.020277 0.044529
0 0.554379 0.750106 0.015208 0.027566
2 0.602089 0.754877 0.033695 0.038168
0 0.638617 0.743745 0.016698 0.039228
1 0.668138 0.754082 0.021469 0.047180
0 0.686029 0.744540 0.015506 0.042939
2 0.710033 0.747721 0.021171 0.056722
2 0.728819 0.748251 0.018786 0.047180
5 0.755357 0.745865 0.019382 0.039228