6 0.383234 0.636490 0.011568 0.032318
5 0.422661 0.628725 0.021956 0.041971
4 0.453942 0.631873 0.015110 0.050785
9 0.499507 0.623059 0.015582 0.046588
8 0.525476 0.619911 0.018887 0.041132
5 0.544245 0.612146 0.019595 0.038194
7 0.567854 0.614665 0.020067 0.038194
7 0.609051 0.654537 0.017943 0.039033
6 0.638562 0.607739 0.015110 0.041132
2 0.675391 0.603962 0.012749 0.029380
3 0.687786 0.605431 0.012985 0.030639
7 0.711040 0.600185 0.012749 0.028540
5 0.720956 0.599975 0.008499 0.031478
5 0.736892 0.595568 0.015346 0.032737