5 0.360506 0.660605 0.019985 0.038540
5 0.396581 0.654884 0.027099 0.042756
3 0.418937 0.654583 0.011517 0.030110
5 0.434350 0.657293 0.012533 0.036734
2 0.457384 0.653679 0.013211 0.027099
1 0.483974 0.653378 0.015582 0.040949
1 0.496338 0.651873 0.013211 0.040347
5 0.516831 0.647356 0.012194 0.027701
5 0.533937 0.648862 0.019985 0.033121
3 0.556294 0.641033 0.017275 0.027099
1 0.585763 0.648862 0.020663 0.030712
1 0.613031 0.641033 0.012872 0.030712
4 0.624040 0.642238 0.010501 0.031916
5 0.653679 0.634108 0.012872 0.032518
0 0.666043 0.634710 0.013888 0.026496