2 0.351995 0.677372 0.010712 0.025104
2 0.382550 0.678238 0.008034 0.021641
5 0.394602 0.677588 0.009739 0.019477
1 0.416757 0.678454 0.011199 0.027268
0 0.446216 0.678238 0.011686 0.024238
5 0.462285 0.679969 0.013634 0.038089
1 0.479327 0.680402 0.015582 0.038954
0 0.492596 0.675208 0.011930 0.026835
0 0.517673 0.680618 0.016312 0.025537
2 0.555532 0.678454 0.015095 0.028999
1 0.583530 0.682566 0.015095 0.028566
1 0.611285 0.678021 0.011199 0.028999
1 0.620536 0.674775 0.009252 0.026835
5 0.630032 0.677588 0.012660 0.029865
3 0.645979 0.682133 0.010956 0.025970
0 0.655108 0.682133 0.008278 0.024238
5 0.666673 0.679752 0.010956 0.033328