7 0.340942 0.764582 0.028075 0.050401
5 0.381542 0.758710 0.031103 0.042572
2 0.418425 0.767029 0.025598 0.056273
1 0.452143 0.774369 0.013762 0.027892
3 0.465768 0.772656 0.012386 0.042083
1 0.490265 0.767029 0.020644 0.046487
3 0.506230 0.771677 0.019543 0.044040
8 0.542150 0.768497 0.017065 0.043551
9 0.577657 0.761401 0.023671 0.056763
2 0.616605 0.769720 0.014588 0.038168
5 0.636423 0.766539 0.023947 0.038657
1 0.653901 0.774124 0.015414 0.038168
7 0.670416 0.773879 0.015964 0.038657
7 0.704272 0.771433 0.022020 0.046487
6 0.719135 0.772167 0.011560 0.044040
5 0.742944 0.782443 0.021745 0.068507