7 0.330758 0.733754 0.026424 0.043551
4 0.371908 0.738892 0.017891 0.048933
2 0.415673 0.735467 0.023396 0.057741
1 0.441821 0.732531 0.016240 0.049912
1 0.454070 0.731797 0.011560 0.044529
5 0.470860 0.735467 0.015964 0.046976
1 0.485173 0.732531 0.012661 0.033275
1 0.499486 0.729595 0.013212 0.032296
5 0.513111 0.732775 0.012937 0.033764
6 0.539260 0.728372 0.012386 0.032785
6 0.570913 0.730818 0.012937 0.039636
5 0.585502 0.729839 0.014038 0.046487
5 0.620458 0.729106 0.021194 0.047955
2 0.651699 0.727393 0.015414 0.036700
4 0.667664 0.727148 0.017065 0.047955
7 0.699455 0.718340 0.020644 0.042083
7 0.720374 0.719074 0.015689 0.039636
5 0.742669 0.717851 0.020093 0.041104