7 0.343559 0.767430 0.038645 0.077354
4 0.383063 0.768957 0.016889 0.052926
2 0.430010 0.758779 0.028340 0.031552
1 0.459637 0.763359 0.018321 0.046819
3 0.479676 0.769975 0.017176 0.044784
1 0.502719 0.807379 0.015172 0.023919
2 0.512739 0.806616 0.008874 0.025445
5 0.527910 0.806616 0.015172 0.035623
6 0.547376 0.813740 0.015744 0.053944
7 0.597758 0.759542 0.022042 0.046310
5 0.639552 0.759542 0.028912 0.034097
2 0.663597 0.760814 0.016317 0.034606
7 0.681489 0.752926 0.017176 0.045293
8 0.707395 0.758779 0.016889 0.060051
0 0.721851 0.760814 0.014885 0.041730
5 0.744609 0.761323 0.018034 0.046819
8 0.708969 0.812977 0.013168 0.042239
3 0.720563 0.813995 0.011164 0.031043
5 0.739885 0.811959 0.020038 0.037150