6 0.321517 0.798982 0.019179 0.044784
5 0.371469 0.802036 0.024046 0.049873
0 0.411975 0.795674 0.025477 0.057506
1 0.439742 0.791094 0.012309 0.040204
2 0.451050 0.794656 0.013168 0.032061
5 0.467223 0.793893 0.013454 0.044784
1 0.479962 0.799237 0.011450 0.038168
0 0.489408 0.802799 0.010305 0.030025
5 0.506584 0.800763 0.023473 0.037150
7 0.530200 0.800000 0.014599 0.044784
6 0.564981 0.786260 0.014885 0.048855
5 0.584733 0.792366 0.017176 0.053944
5 0.615506 0.787786 0.024332 0.049873
2 0.646279 0.785751 0.013168 0.039695
5 0.658445 0.788295 0.010592 0.036641
5 0.672185 0.785496 0.016317 0.041221
7 0.703817 0.797455 0.028626 0.051908
8 0.724141 0.792366 0.016031 0.061069