6 0.357065 0.736468 0.015614 0.052625
4 0.394149 0.729817 0.020819 0.045108
1 0.421799 0.740805 0.014964 0.052047
5 0.444082 0.750636 0.019192 0.056674
7 0.462949 0.722010 0.019192 0.052625
5 0.483117 0.730106 0.013337 0.045686
4 0.516460 0.735311 0.018217 0.052625
6 0.562489 0.728082 0.013337 0.034698
5 0.598272 0.723745 0.019843 0.042216
5 0.616325 0.731263 0.013662 0.043373
0 0.640397 0.723167 0.020819 0.057252
1 0.670650 0.722588 0.014313 0.039903
2 0.682035 0.718251 0.009759 0.033542
5 0.699113 0.717673 0.015939 0.034698
4 0.727088 0.717095 0.017241 0.043951
7 0.748070 0.717095 0.022120 0.042794