6 0.349096 0.747166 0.017891 0.052047
4 0.391221 0.751214 0.024722 0.047421
0 0.423588 0.746010 0.019192 0.043951
5 0.445383 0.747455 0.015939 0.038746
1 0.463437 0.750925 0.011060 0.038746
2 0.473521 0.751214 0.009759 0.038168
5 0.489135 0.749480 0.011060 0.031228
9 0.518900 0.749190 0.013988 0.032963
8 0.552080 0.748034 0.014638 0.045686
6 0.589651 0.748901 0.013012 0.052047
5 0.605265 0.744853 0.021469 0.034698
1 0.635193 0.752660 0.022771 0.050312
2 0.664306 0.747745 0.014638 0.041638
4 0.676505 0.747745 0.013012 0.041638
5 0.690818 0.745142 0.017566 0.031807
7 0.721233 0.746299 0.019843 0.052625
2 0.744329 0.751793 0.026999 0.056674