5 0.374064 0.742976 0.024115 0.058699
5 0.421180 0.742316 0.023373 0.063976
0 0.456796 0.739019 0.013727 0.042870
1 0.487959 0.745284 0.016695 0.042211
2 0.504839 0.746933 0.018550 0.040232
2 0.542866 0.744954 0.021147 0.046828
1 0.575699 0.738689 0.017808 0.044849
3 0.615766 0.741987 0.014098 0.039573
5 0.634316 0.741987 0.014840 0.051444
0 0.660100 0.738689 0.019663 0.036934
8 0.692006 0.737700 0.021147 0.042870
5 0.712967 0.731104 0.022260 0.045509
3 0.741719 0.736380 0.017437 0.049466
7 0.765277 0.733742 0.024486 0.045509