6 0.361945 0.727504 0.016265 0.047421
5 0.403908 0.727793 0.024072 0.051469
0 0.440504 0.721721 0.019192 0.054360
9 0.474009 0.721721 0.016590 0.052047
5 0.495478 0.718540 0.017241 0.053782
1 0.516297 0.724034 0.007482 0.038168
3 0.527195 0.727215 0.014313 0.039903
4 0.557447 0.716227 0.014313 0.034120
5 0.576152 0.711312 0.016590 0.035855
5 0.613235 0.720275 0.019843 0.047999
0 0.652596 0.718540 0.023096 0.045686
1 0.680897 0.712757 0.019843 0.049156
9 0.695697 0.711022 0.013012 0.047999
6 0.729528 0.714203 0.017566 0.050891
2 0.751323 0.707263 0.026024 0.046264