5 0.355701 0.487759 0.021688 0.041177
3 0.400235 0.514899 0.014318 0.029573
3 0.429082 0.490941 0.012634 0.034065
5 0.446664 0.482331 0.012844 0.030321
9 0.473301 0.483080 0.015582 0.041551
5 0.503411 0.481957 0.016845 0.043049
3 0.547524 0.476155 0.014529 0.038182
3 0.579425 0.475593 0.011792 0.030321
5 0.593743 0.470727 0.015582 0.034813
0 0.621853 0.465299 0.023373 0.042674
1 0.649542 0.472224 0.015161 0.043049
8 0.661334 0.469978 0.011792 0.048289
5 0.674389 0.462117 0.015582 0.037059
5 0.694182 0.459871 0.011370 0.034065
0 0.706500 0.462679 0.013266 0.025455
5 0.722503 0.460620 0.012423 0.031819