6 0.317271 0.731829 0.018047 0.054210
3 0.357098 0.733212 0.016180 0.044806
1 0.390858 0.731829 0.015869 0.045359
5 0.410928 0.735977 0.015558 0.048125
8 0.433953 0.729616 0.015558 0.046465
5 0.453400 0.726021 0.014624 0.038168
7 0.478759 0.727957 0.016180 0.036508
5 0.495872 0.730999 0.016180 0.037062
7 0.527765 0.731276 0.019603 0.037615
4 0.561525 0.727680 0.016180 0.039274
5 0.580972 0.731829 0.013380 0.042040
3 0.599330 0.727957 0.015869 0.037615
5 0.617066 0.727957 0.015869 0.035402
1 0.639624 0.724914 0.016802 0.054763
3 0.655337 0.722702 0.017736 0.050337
5 0.690186 0.724361 0.017113 0.041487
4 0.706988 0.723808 0.014624 0.038168
5 0.728614 0.720212 0.018047 0.038721