7 0.341765 0.781761 0.031437 0.056798
5 0.384065 0.773582 0.031693 0.044984
2 0.431988 0.773582 0.025303 0.044984
1 0.455885 0.765403 0.012779 0.036805
1 0.466237 0.765631 0.009968 0.036350
5 0.477355 0.767448 0.013802 0.030898
1 0.499719 0.774718 0.014057 0.039985
3 0.514032 0.773582 0.016613 0.052254
8 0.550581 0.771765 0.018147 0.054980
6 0.582402 0.759269 0.016869 0.062704
5 0.633008 0.767221 0.026581 0.034987
2 0.664062 0.761541 0.016613 0.039077
4 0.679653 0.765176 0.016102 0.052708
8 0.710707 0.761768 0.021469 0.061341
1 0.723231 0.764040 0.015335 0.049527
5 0.748279 0.763813 0.019425 0.049982