7 0.337499 0.657895 0.011015 0.029134
5 0.378603 0.647149 0.019074 0.037253
4 0.415945 0.657895 0.013701 0.031999
9 0.455034 0.651686 0.016119 0.048238
1 0.484182 0.661238 0.013164 0.031999
2 0.502048 0.655984 0.016119 0.032954
6 0.518435 0.650731 0.010209 0.025313
5 0.535226 0.647388 0.014776 0.027223
7 0.563703 0.648104 0.013701 0.038208
4 0.594866 0.649059 0.012089 0.027701
5 0.610448 0.646910 0.013164 0.030089
2 0.634224 0.645716 0.012358 0.027701
8 0.647522 0.642134 0.013701 0.035820
8 0.674118 0.645955 0.014776 0.037730
3 0.689969 0.648104 0.013701 0.040118