7 0.346981 0.739359 0.031879 0.060722
5 0.385366 0.739648 0.020168 0.046264
1 0.417408 0.789382 0.014638 0.026602
5 0.436275 0.791406 0.017241 0.035276
1 0.460834 0.729239 0.013662 0.045108
2 0.471244 0.727504 0.010409 0.033542
5 0.486207 0.732130 0.013662 0.037011
1 0.497105 0.744275 0.013337 0.038168
1 0.506701 0.741962 0.007156 0.032385
5 0.524755 0.738203 0.022445 0.051469
8 0.551592 0.743118 0.018867 0.055517
9 0.588025 0.734155 0.020819 0.059565
5 0.633729 0.734444 0.034807 0.042794
2 0.662680 0.732709 0.013337 0.040481
6 0.673415 0.726926 0.011385 0.039325
5 0.686264 0.727504 0.013662 0.031228
8 0.713914 0.782732 0.018867 0.043373
6 0.729203 0.777527 0.016265 0.042216