4 0.375627 0.742390 0.022000 0.070210
3 0.417506 0.732730 0.017229 0.050891
1 0.448517 0.735086 0.012988 0.034869
5 0.471445 0.730139 0.018024 0.043822
9 0.499408 0.729196 0.018289 0.056074
6 0.546455 0.732495 0.014843 0.040995
4 0.577467 0.737442 0.015903 0.047121
3 0.614574 0.722599 0.019084 0.043822
5 0.638960 0.733908 0.021204 0.049477
3 0.655393 0.729667 0.011662 0.031571
5 0.675670 0.723542 0.017229 0.035341
5 0.697272 0.728725 0.012193 0.032513
5 0.712645 0.729903 0.013783 0.030157
4 0.745777 0.724013 0.019084 0.042880
0 0.763668 0.724013 0.014578 0.041938