7 0.339052 0.735701 0.034849 0.046465
5 0.379501 0.737637 0.026137 0.044806
1 0.419640 0.737637 0.019914 0.044806
1 0.451222 0.735424 0.018358 0.038168
1 0.470980 0.742062 0.019914 0.050337
1 0.491516 0.731829 0.019914 0.038721
2 0.506451 0.734595 0.010579 0.034296
5 0.519831 0.734318 0.013068 0.032636
8 0.545501 0.741232 0.015869 0.036508
6 0.587351 0.736254 0.018669 0.064166
3 0.622822 0.729893 0.023025 0.039274
2 0.655493 0.734871 0.013068 0.038168
6 0.667317 0.732382 0.012446 0.046465
5 0.680074 0.727957 0.015558 0.034296
8 0.711345 0.734041 0.020847 0.064166
0 0.729391 0.733488 0.019603 0.043146