4 0.336554 0.732082 0.017295 0.050891
5 0.357725 0.738179 0.017295 0.057782
3 0.385606 0.737913 0.021171 0.051951
1 0.424519 0.724396 0.017891 0.043999
8 0.457319 0.727576 0.016102 0.053541
5 0.474913 0.721745 0.014313 0.043999
7 0.510844 0.725456 0.028328 0.045059
1 0.543496 0.723601 0.013120 0.033927
5 0.561536 0.722275 0.016400 0.036578
2 0.598660 0.719360 0.025048 0.045589
0 0.636083 0.721745 0.026539 0.046120
1 0.662472 0.713528 0.017891 0.053011
1 0.673803 0.705842 0.011927 0.043999
5 0.688713 0.704251 0.016698 0.040818
3 0.718233 0.710878 0.016698 0.044529
9 0.737168 0.715649 0.016997 0.042409