7 0.335212 0.765214 0.041448 0.068384
4 0.373380 0.754347 0.019979 0.045589
2 0.418108 0.761768 0.037870 0.062553
1 0.445243 0.748516 0.014611 0.042409
2 0.461941 0.749311 0.019979 0.046120
1 0.489524 0.746660 0.016698 0.033397
2 0.503389 0.744275 0.009244 0.030746
5 0.516659 0.744010 0.014909 0.037638
7 0.541259 0.749311 0.022364 0.059902
9 0.582260 0.742950 0.018488 0.047180
6 0.621621 0.733408 0.014909 0.049300
2 0.657552 0.734733 0.017593 0.040288
7 0.673654 0.735528 0.015804 0.047180
8 0.695571 0.732082 0.019084 0.065734
6 0.709586 0.725986 0.013120 0.054601
5 0.732397 0.745865 0.021768 0.049830