5 0.349857 0.742748 0.027195 0.047328
5 0.394800 0.747837 0.031775 0.043257
0 0.432443 0.745038 0.020611 0.037659
1 0.464504 0.747583 0.012595 0.031552
1 0.475668 0.746310 0.010878 0.032061
5 0.492128 0.747583 0.016317 0.039695
1 0.510448 0.746565 0.014599 0.035623
2 0.527910 0.746565 0.015744 0.049873
6 0.558540 0.742748 0.017462 0.048346
9 0.597901 0.733333 0.016031 0.043766
3 0.634685 0.788295 0.022615 0.041730
2 0.666889 0.737913 0.012595 0.045802
6 0.677481 0.733588 0.009733 0.043257
5 0.689074 0.728244 0.012309 0.030534
7 0.725000 0.731043 0.021756 0.053435
8 0.746613 0.732824 0.022042 0.063104