6 0.370324 0.723664 0.019466 0.052926
3 0.415840 0.728499 0.020038 0.048346
2 0.458492 0.719847 0.027481 0.029008
1 0.490697 0.722646 0.016889 0.040712
2 0.506441 0.725700 0.016317 0.047837
1 0.527338 0.717557 0.016317 0.031552
1 0.539790 0.691603 0.010305 0.025445
5 0.553960 0.717812 0.014027 0.039186
7 0.573712 0.720356 0.015744 0.035115
5 0.592748 0.718830 0.015458 0.030025
8 0.620802 0.713232 0.023473 0.044275
6 0.659876 0.708397 0.012882 0.052926
2 0.693798 0.716285 0.017748 0.033079
6 0.711403 0.707379 0.014027 0.036641
8 0.744036 0.704071 0.026050 0.047328
2 0.768225 0.701272 0.021756 0.040712