5 0.386355 0.751399 0.023473 0.053435
2 0.426861 0.760051 0.026050 0.046310
0 0.471947 0.752417 0.020038 0.042239
9 0.505296 0.751908 0.015172 0.043257
0 0.522758 0.750382 0.016889 0.038168
1 0.545658 0.752417 0.019179 0.035115
5 0.566698 0.748092 0.016031 0.041730
2 0.587309 0.762087 0.013740 0.031043
5 0.607490 0.761323 0.012882 0.031552
4 0.630391 0.768193 0.021469 0.078880
3 0.669895 0.759033 0.020897 0.052417
7 0.709685 0.765649 0.015744 0.049364
5 0.729294 0.759288 0.021756 0.038677
3 0.750477 0.760560 0.018893 0.045293
4 0.767366 0.764885 0.016603 0.046819
5 0.788263 0.766921 0.018321 0.040712