7 0.337945 0.760027 0.032715 0.056343
5 0.371683 0.766388 0.027263 0.050891
1 0.408999 0.766388 0.021469 0.053314
1 0.450575 0.761844 0.012609 0.044226
2 0.462502 0.762753 0.012609 0.037562
1 0.490958 0.756997 0.014995 0.034533
3 0.505952 0.755786 0.016358 0.038168
7 0.543268 0.758512 0.030330 0.049679
7 0.581607 0.757603 0.022492 0.047861
5 0.622331 0.751848 0.022833 0.044832
2 0.651297 0.750939 0.018062 0.043015
4 0.667996 0.756695 0.014654 0.053314
8 0.698326 0.754271 0.016017 0.052102
1 0.716387 0.748516 0.020788 0.050285