7 0.361132 0.730396 0.028951 0.057830
5 0.414643 0.732130 0.019518 0.048577
2 0.441967 0.727504 0.025373 0.053204
1 0.473846 0.726058 0.019518 0.056095
2 0.495478 0.723745 0.023096 0.060722
9 0.526869 0.728372 0.013662 0.039903
6 0.558748 0.719697 0.013662 0.038746
5 0.576314 0.718251 0.018867 0.037011
8 0.609494 0.721432 0.021469 0.065348
1 0.650319 0.727215 0.030903 0.060722
2 0.682686 0.712179 0.017566 0.037590
7 0.700089 0.712468 0.017241 0.048577
7 0.722860 0.711890 0.015939 0.040481
7 0.737498 0.709866 0.014638 0.042216
5 0.756853 0.709866 0.019518 0.036433