5 0.340667 0.733265 0.021469 0.048444
5 0.380441 0.730084 0.019543 0.044040
1 0.409617 0.736445 0.018442 0.045997
5 0.429848 0.722744 0.027525 0.045997
1 0.450767 0.733509 0.013762 0.039147
1 0.461777 0.733020 0.011560 0.038168
5 0.474851 0.733999 0.011836 0.039147
4 0.498523 0.733265 0.017891 0.042572
6 0.539673 0.726904 0.018166 0.041593
6 0.575042 0.737913 0.015139 0.044040
5 0.596236 0.728127 0.014588 0.039147
3 0.618532 0.725680 0.024497 0.040125
2 0.658443 0.721032 0.017341 0.030828
5 0.678536 0.720542 0.025048 0.035721
6 0.698354 0.730573 0.016240 0.050891
7 0.714731 0.729350 0.018166 0.041593
5 0.740192 0.728861 0.018442 0.044529