7 0.327730 0.746477 0.026424 0.058231
5 0.368055 0.743541 0.023396 0.056273
2 0.405901 0.739626 0.028075 0.037679
1 0.436454 0.750147 0.017065 0.055784
2 0.449666 0.751370 0.012111 0.056273
5 0.466456 0.748679 0.015414 0.044040
1 0.479393 0.750881 0.011560 0.034743
2 0.488614 0.751615 0.010184 0.028381
6 0.524396 0.743541 0.011836 0.032785
5 0.538847 0.747455 0.013212 0.033764
9 0.569400 0.745253 0.015414 0.047955
6 0.613852 0.734243 0.014588 0.046487
2 0.645506 0.742562 0.012937 0.032785
5 0.662984 0.736690 0.020368 0.036700
8 0.694501 0.742317 0.021194 0.057741
5 0.720512 0.741828 0.020368 0.053827