2 0.295764 0.550449 0.011804 0.024763
4 0.330233 0.552967 0.010388 0.025602
5 0.348766 0.552338 0.011568 0.026022
4 0.373319 0.551708 0.012040 0.028960
2 0.407551 0.541845 0.014401 0.032737
5 0.423723 0.544153 0.014165 0.033157
1 0.444145 0.544783 0.013929 0.033577
1 0.454768 0.543524 0.012513 0.036934
3 0.480856 0.541845 0.008499 0.030219
5 0.498090 0.540586 0.016526 0.030219
8 0.528073 0.540796 0.013693 0.035675
1 0.564549 0.542684 0.018651 0.041132
1 0.590518 0.539956 0.010624 0.033996
4 0.600316 0.540796 0.009443 0.033996
5 0.611766 0.535759 0.010624 0.031478
5 0.635021 0.536389 0.015582 0.034416
1 0.649068 0.538907 0.011568 0.032737