7 0.342517 0.758323 0.022662 0.056722
5 0.383965 0.750636 0.022066 0.042409
2 0.425861 0.749841 0.028328 0.047180
1 0.453294 0.746660 0.016400 0.034457
1 0.463134 0.746925 0.012226 0.034987
1 0.493400 0.751696 0.014313 0.042409
3 0.506073 0.758853 0.013418 0.039758
7 0.548267 0.753817 0.018488 0.037108
3 0.580471 0.746130 0.016698 0.040818
5 0.601046 0.746130 0.017295 0.037638
2 0.622813 0.752757 0.016698 0.038168
5 0.643388 0.749841 0.019680 0.036578
2 0.663814 0.743480 0.016400 0.038698
5 0.681705 0.749576 0.022960 0.041349
7 0.705262 0.743745 0.024153 0.058312
6 0.726284 0.744275 0.019084 0.057252