7 0.361201 0.605571 0.015005 0.029240
3 0.395106 0.597876 0.014716 0.032318
3 0.424105 0.603776 0.009234 0.023597
5 0.436224 0.601467 0.011542 0.024110
3 0.458875 0.598646 0.013562 0.030779
8 0.496820 0.600441 0.011542 0.029240
1 0.520769 0.608649 0.013850 0.027188
5 0.536784 0.605827 0.016447 0.026675
3 0.555972 0.604288 0.009234 0.026675
5 0.570833 0.602750 0.012985 0.031805
3 0.589300 0.604545 0.018756 0.032318
1 0.617001 0.604801 0.011253 0.030779
5 0.626523 0.604288 0.008368 0.026675
5 0.635179 0.602237 0.010099 0.026675
4 0.656965 0.606340 0.012696 0.028727
8 0.670527 0.604032 0.012696 0.028214