7 0.350569 0.742419 0.023259 0.047180
4 0.393507 0.740034 0.017295 0.053011
0 0.427948 0.739504 0.014611 0.043469
5 0.447927 0.745335 0.017593 0.051951
1 0.469843 0.749841 0.018488 0.040818
2 0.486244 0.748781 0.017295 0.036578
1 0.508160 0.751431 0.015804 0.041879
2 0.524262 0.750636 0.014611 0.046650
8 0.560343 0.742950 0.018189 0.049300
7 0.607009 0.747721 0.028030 0.052481
5 0.644432 0.741624 0.022364 0.041349
2 0.674549 0.737648 0.016400 0.034457
3 0.689905 0.733142 0.016102 0.043469
7 0.719575 0.745600 0.018189 0.049300
8 0.734783 0.746925 0.017593 0.053011
5 0.757445 0.748781 0.016997 0.056722