7 0.372459 0.769475 0.030553 0.047465
5 0.405901 0.779017 0.023121 0.048933
1 0.439207 0.776326 0.015964 0.040615
5 0.460951 0.763359 0.020919 0.044040
1 0.486412 0.761891 0.016240 0.044040
1 0.500725 0.768986 0.013487 0.052359
9 0.529764 0.768741 0.017065 0.043061
7 0.562794 0.761891 0.012111 0.030339
5 0.577657 0.763114 0.012661 0.032785
6 0.607246 0.762135 0.012386 0.035721
5 0.623211 0.760178 0.015139 0.045508
5 0.656103 0.753817 0.029727 0.050401
2 0.681151 0.753327 0.013212 0.027892
6 0.692161 0.747211 0.008257 0.039147
5 0.707024 0.752104 0.013212 0.028381
7 0.731934 0.756019 0.023947 0.063613
9 0.753404 0.755774 0.017891 0.047465