6 0.438680 0.779095 0.023353 0.058256
3 0.481242 0.781104 0.022599 0.050221
1 0.520603 0.772733 0.020716 0.054908
8 0.557139 0.774407 0.020716 0.050221
5 0.573147 0.774407 0.014313 0.047543
1 0.597010 0.779262 0.012882 0.041137
2 0.607626 0.777778 0.010735 0.033927
5 0.623131 0.776930 0.014074 0.034775
4 0.654262 0.773537 0.013836 0.041561
5 0.688255 0.773113 0.024094 0.048346
5 0.711991 0.772689 0.016698 0.047498
2 0.745030 0.768024 0.025048 0.042409
1 0.774610 0.770356 0.018845 0.046226
0 0.790593 0.764419 0.016460 0.040288
5 0.823274 0.770356 0.021708 0.050466
2 0.840689 0.761874 0.016937 0.037744
5 0.865378 0.769932 0.015267 0.046226