7 0.339456 0.738550 0.025048 0.045802
5 0.378817 0.729008 0.029342 0.044529
0 0.415673 0.719466 0.018607 0.035623
1 0.450561 0.730598 0.017533 0.045165
2 0.466305 0.731870 0.017533 0.047710
1 0.493678 0.726463 0.016460 0.043257
3 0.508349 0.730598 0.017176 0.042621
7 0.543237 0.728690 0.021827 0.034987
5 0.576336 0.719148 0.020038 0.045165
5 0.596732 0.726781 0.015029 0.048982
0 0.615875 0.717557 0.014671 0.038168
1 0.650406 0.732188 0.016460 0.052163
9 0.664361 0.730916 0.015744 0.057252
5 0.681178 0.709606 0.015744 0.037532
6 0.710162 0.714695 0.015744 0.050254
9 0.726264 0.723282 0.017891 0.057252