5 0.328858 0.749727 0.026070 0.059978
5 0.375630 0.752226 0.025048 0.058615
2 0.404512 0.760178 0.017891 0.044529
1 0.446812 0.748591 0.013035 0.044984
1 0.458186 0.745638 0.011757 0.036350
5 0.472371 0.748137 0.012013 0.034987
1 0.485150 0.750863 0.014569 0.032261
0 0.497035 0.752226 0.010735 0.027717
5 0.511220 0.749955 0.010479 0.030443
7 0.535118 0.756316 0.020447 0.046801
6 0.569495 0.738595 0.013035 0.044075
5 0.585980 0.743820 0.017891 0.032715
1 0.617290 0.755180 0.018147 0.049073
2 0.651155 0.750863 0.019936 0.034987
1 0.670069 0.750863 0.018402 0.047710
6 0.696906 0.753817 0.013291 0.064522
9 0.711091 0.753362 0.015080 0.049073
5 0.734988 0.757225 0.015335 0.052254