3 0.390558 0.525838 0.011821 0.029611
5 0.427497 0.524405 0.019611 0.041074
2 0.460273 0.524405 0.012089 0.022925
5 0.477735 0.519152 0.013701 0.032477
4 0.494526 0.517003 0.013970 0.036775
5 0.509839 0.518674 0.014507 0.026746
1 0.529047 0.519629 0.015313 0.034387
1 0.539793 0.520823 0.010477 0.031044
5 0.552017 0.518674 0.016119 0.027701
7 0.581300 0.513898 0.020417 0.034387
9 0.617030 0.510316 0.018268 0.032954
3 0.655178 0.508645 0.013970 0.035342
1 0.682312 0.505540 0.014507 0.038686
7 0.694939 0.506018 0.012895 0.036775
6 0.725430 0.504346 0.012089 0.032477
2 0.736176 0.502436 0.009940 0.030566
5 0.750684 0.499570 0.014238 0.035342