7 0.434544 0.719057 0.027348 0.052254
5 0.477738 0.720647 0.031437 0.049073
2 0.520933 0.708606 0.030926 0.043166
1 0.550709 0.713604 0.014824 0.034987
2 0.563233 0.714513 0.010224 0.034079
5 0.579079 0.711787 0.016869 0.034987
1 0.600293 0.707924 0.014824 0.032715
3 0.613328 0.714967 0.017380 0.038622
7 0.640293 0.712241 0.016102 0.033170
5 0.661379 0.712014 0.014824 0.038168
6 0.690899 0.708152 0.017636 0.054071
5 0.738822 0.700654 0.032715 0.048164
2 0.766809 0.705198 0.019680 0.037259
1 0.781889 0.700881 0.011501 0.034079
5 0.798630 0.701563 0.020447 0.031807
7 0.824572 0.708152 0.020703 0.051345
9 0.841186 0.707243 0.018658 0.051345
5 0.873006 0.701109 0.033227 0.053617