5 0.320383 0.756444 0.018047 0.049231
3 0.368455 0.758657 0.019603 0.051444
2 0.411394 0.754232 0.028315 0.050337
1 0.443287 0.757551 0.011824 0.032636
1 0.457289 0.756721 0.014935 0.040934
1 0.478448 0.757827 0.013691 0.043146
2 0.490738 0.756721 0.010890 0.043146
5 0.506918 0.755891 0.017113 0.043700
7 0.525276 0.749530 0.015869 0.042040
5 0.545967 0.750636 0.019914 0.050891
7 0.575060 0.746487 0.031426 0.055869
6 0.609754 0.742615 0.014313 0.050337
2 0.644603 0.742615 0.014313 0.033743
5 0.656582 0.742892 0.009646 0.032083
5 0.671828 0.741509 0.019603 0.037062
7 0.695165 0.740126 0.016491 0.056422
9 0.710100 0.748423 0.014624 0.050891
5 0.728458 0.749253 0.012135 0.039274