0 0.351021 0.630194 0.014566 0.033121
4 0.383709 0.621763 0.014227 0.034325
0 0.421647 0.624774 0.012194 0.023485
1 0.460432 0.624774 0.021340 0.054799
7 0.492612 0.614838 0.015243 0.038540
5 0.508532 0.616343 0.017275 0.031916
0 0.537155 0.618150 0.021001 0.031916
3 0.566286 0.618150 0.016259 0.029507
5 0.584578 0.610322 0.014227 0.029507
1 0.603547 0.622064 0.016259 0.043358
6 0.641485 0.610020 0.010839 0.043358
5 0.657236 0.609418 0.018630 0.033723
2 0.727862 0.612128 0.014904 0.037938
3 0.741073 0.611827 0.011517 0.036132
5 0.759195 0.604601 0.020663 0.036132