6 0.349560 0.752908 0.018402 0.050891
5 0.391349 0.747228 0.021214 0.046801
2 0.432627 0.745638 0.026070 0.046347
1 0.469176 0.737913 0.014313 0.039077
3 0.484639 0.744502 0.014569 0.044984
1 0.511093 0.744502 0.018914 0.035896
2 0.526300 0.746092 0.012524 0.031807
8 0.556843 0.743139 0.016869 0.045892
8 0.594542 0.742230 0.024792 0.055889
6 0.638248 0.740867 0.017636 0.049527
2 0.667769 0.736550 0.014313 0.038168
6 0.679653 0.733142 0.010990 0.042257
5 0.693455 0.729962 0.012013 0.030443
8 0.712752 0.737459 0.014824 0.048164
6 0.725404 0.739958 0.014569 0.046801
5 0.752368 0.744048 0.020958 0.044984