6 0.358089 0.743568 0.019084 0.050891
5 0.398444 0.742154 0.022662 0.048063
0 0.441383 0.732612 0.023457 0.060079
9 0.474416 0.738822 0.015080 0.046347
5 0.493201 0.741094 0.019936 0.042712
1 0.514799 0.735869 0.013035 0.033170
2 0.526939 0.736778 0.009201 0.030443
5 0.541891 0.734960 0.015591 0.038622
6 0.562977 0.737005 0.015847 0.039985
5 0.598376 0.737232 0.019680 0.040440
5 0.619718 0.741549 0.018914 0.049073
1 0.640676 0.738141 0.021981 0.054980
2 0.672497 0.732234 0.014569 0.033170
2 0.686171 0.731325 0.011757 0.032261
5 0.703679 0.731325 0.016102 0.031352
6 0.729365 0.735642 0.014313 0.049982
8 0.744956 0.737686 0.018402 0.056798