6 0.311048 0.731829 0.018669 0.044253
5 0.334229 0.730722 0.015869 0.044253
5 0.366900 0.731829 0.028937 0.049784
1 0.401904 0.733212 0.014935 0.033743
5 0.423840 0.735424 0.020225 0.054763
5 0.453089 0.730169 0.030804 0.059741
1 0.479537 0.719106 0.016491 0.029871
3 0.494316 0.721872 0.014935 0.034296
8 0.535855 0.771103 0.018358 0.047572
8 0.576460 0.720766 0.029248 0.065273
6 0.607731 0.720489 0.016491 0.045912
2 0.639780 0.732935 0.015869 0.040934
6 0.654093 0.722978 0.013380 0.046465
5 0.667628 0.728786 0.016802 0.030424
7 0.691898 0.729063 0.021781 0.044253
9 0.711033 0.736254 0.012757 0.036508
5 0.730169 0.727957 0.017424 0.039827