7 0.350716 0.740458 0.028912 0.041730
5 0.383349 0.744020 0.024332 0.045802
0 0.418130 0.743003 0.017748 0.053944
1 0.456918 0.738677 0.014599 0.041221
2 0.469800 0.742494 0.014027 0.040712
7 0.507013 0.745293 0.028340 0.048346
5 0.540363 0.736132 0.014885 0.038168
5 0.557395 0.734606 0.019179 0.040204
4 0.589456 0.742239 0.020324 0.057506
1 0.632681 0.743003 0.020324 0.055980
1 0.658874 0.737659 0.020611 0.035115
5 0.679771 0.735623 0.023473 0.035115
5 0.710258 0.730025 0.016889 0.054453
6 0.720849 0.733333 0.013454 0.055980
5 0.746183 0.730789 0.017748 0.046819