6 0.348099 0.773879 0.017616 0.065081
4 0.382368 0.779017 0.017891 0.045997
5 0.405351 0.770943 0.020919 0.040615
2 0.434252 0.772167 0.025323 0.039147
1 0.464942 0.778283 0.014038 0.035721
3 0.481870 0.773145 0.017065 0.047955
1 0.510359 0.768497 0.014588 0.040615
3 0.522745 0.772411 0.013487 0.038657
8 0.553710 0.771922 0.013762 0.042572
8 0.598576 0.774858 0.017065 0.066060
5 0.632019 0.768986 0.016240 0.040615
5 0.650736 0.770209 0.017341 0.042083
2 0.668077 0.759933 0.015139 0.031317
4 0.680600 0.759689 0.009358 0.036700
5 0.692987 0.758221 0.013762 0.031807
8 0.718310 0.758465 0.019267 0.053827
6 0.731384 0.768252 0.015139 0.068507
5 0.754918 0.753817 0.026974 0.043551