7 0.321923 0.752226 0.031489 0.059160
5 0.368619 0.750636 0.033993 0.050891
2 0.406011 0.750318 0.025763 0.052799
1 0.439289 0.743957 0.014313 0.042621
2 0.456107 0.740776 0.017176 0.045165
1 0.479723 0.741094 0.018607 0.040712
3 0.495289 0.743639 0.013955 0.045802
6 0.529461 0.740776 0.016460 0.042621
9 0.569716 0.741094 0.016818 0.045802
6 0.608540 0.734097 0.017891 0.052163
2 0.638061 0.734097 0.014671 0.044529
6 0.648795 0.730598 0.011093 0.046438
5 0.663824 0.725827 0.017533 0.045802
8 0.686009 0.733142 0.018249 0.068066
6 0.700143 0.731552 0.013597 0.072519
5 0.724475 0.736959 0.020038 0.047710