7 0.355086 0.749729 0.028792 0.054197
5 0.397089 0.764784 0.026082 0.051789
2 0.443665 0.755751 0.023711 0.045767
1 0.472003 0.800176 0.015818 0.031478
3 0.485814 0.803324 0.017470 0.036095
9 0.516859 0.757576 0.013457 0.039453
5 0.533739 0.755477 0.015582 0.039453
8 0.560889 0.756736 0.014637 0.047847
9 0.606454 0.761353 0.015582 0.055402
1 0.641867 0.762612 0.018887 0.053723
2 0.677162 0.756317 0.020540 0.040292
7 0.695813 0.750860 0.017706 0.038613
8 0.724497 0.759464 0.016526 0.056661
1 0.740669 0.760724 0.019123 0.032318
5 0.766167 0.758625 0.022900 0.036515