5 0.371519 0.758647 0.028096 0.057488
2 0.414723 0.754877 0.023325 0.046178
2 0.456602 0.753228 0.028096 0.048535
9 0.495962 0.761945 0.024120 0.046178
1 0.527371 0.752757 0.018554 0.040053
1 0.542745 0.747809 0.013783 0.031100
5 0.557985 0.745217 0.014048 0.033456
7 0.579455 0.750872 0.016168 0.034398
5 0.610069 0.742154 0.016964 0.049006
5 0.628225 0.744510 0.016168 0.044294
1 0.656453 0.746395 0.028096 0.049006
0 0.698067 0.741212 0.018554 0.041466
4 0.736897 0.742861 0.017759 0.049477
3 0.753728 0.742390 0.016964 0.053247