6 0.359160 0.684987 0.014885 0.060051
5 0.400525 0.687786 0.021469 0.046310
0 0.446899 0.689313 0.018607 0.036132
1 0.476670 0.743003 0.019752 0.029517
1 0.492414 0.745802 0.019179 0.029008
1 0.521040 0.679135 0.015172 0.041221
2 0.533206 0.685242 0.012595 0.042239
7 0.574427 0.685496 0.018321 0.038677
5 0.619656 0.686768 0.019466 0.053435
3 0.657013 0.681934 0.024905 0.046819
2 0.695945 0.683206 0.019179 0.036132
2 0.714552 0.680153 0.018607 0.039186
7 0.745468 0.731298 0.019179 0.036641
1 0.764504 0.733588 0.022328 0.038168