6 0.338617 0.731772 0.017028 0.045626
3 0.380939 0.730455 0.014807 0.041239
1 0.426099 0.735501 0.018261 0.050452
1 0.456452 0.731333 0.009871 0.035097
0 0.467310 0.730455 0.013819 0.032465
5 0.481130 0.728701 0.013326 0.034220
1 0.499761 0.738572 0.013079 0.039923
3 0.515802 0.739230 0.017521 0.056155
6 0.548129 0.733746 0.018508 0.042555
7 0.598595 0.733965 0.038003 0.050013
2 0.636228 0.725849 0.033315 0.032903
2 0.668679 0.730675 0.012832 0.040800
5 0.685830 0.730236 0.022950 0.036413
7 0.709891 0.726946 0.020236 0.053523
3 0.728276 0.729359 0.014560 0.042555
5 0.752089 0.737475 0.015300 0.042116