6 0.336057 0.733341 0.012524 0.036975
5 0.355066 0.735130 0.015208 0.041349
5 0.385705 0.738311 0.022811 0.050095
2 0.431216 0.722408 0.036453 0.026240
1 0.458723 0.732745 0.011853 0.034987
2 0.468899 0.733341 0.011182 0.033795
5 0.484330 0.738510 0.012971 0.042541
1 0.501662 0.737118 0.007380 0.031011
2 0.512956 0.740299 0.015208 0.041349
8 0.550640 0.736721 0.013642 0.033397
9 0.593690 0.734335 0.017444 0.048505
6 0.627572 0.725390 0.013642 0.052878
2 0.665479 0.730956 0.019680 0.035385
7 0.683146 0.729763 0.016997 0.042541
8 0.720383 0.733938 0.018562 0.054866
8 0.735255 0.739504 0.015655 0.054866