5 0.422527 0.725714 0.009134 0.027223
5 0.436228 0.726430 0.010746 0.024835
5 0.460004 0.722610 0.011015 0.024835
4 0.493854 0.728580 0.013701 0.042506
3 0.522062 0.715446 0.012089 0.030566
5 0.536704 0.723087 0.011821 0.028656
1 0.554032 0.729774 0.013701 0.029611
2 0.570957 0.720460 0.016925 0.031999
5 0.586270 0.723326 0.013701 0.028178
5 0.601851 0.723565 0.015850 0.028656
8 0.629119 0.721177 0.015582 0.033432
5 0.660954 0.720699 0.022835 0.032477
2 0.686207 0.726430 0.011552 0.037253
6 0.697356 0.724042 0.010209 0.039163
7 0.720460 0.727386 0.011821 0.032477
4 0.730938 0.728818 0.009134 0.028656
5 0.741415 0.728580 0.011283 0.027223