3 0.345120 0.691655 0.012740 0.035203
4 0.377648 0.697013 0.017153 0.032193
0 0.401319 0.689549 0.013959 0.032146
5 0.415440 0.697138 0.012336 0.039243
2 0.444243 0.696966 0.017687 0.039586
1 0.467217 0.702620 0.010712 0.036357
0 0.477443 0.701466 0.009739 0.031741
3 0.501464 0.700600 0.010388 0.027701
5 0.517695 0.700600 0.015582 0.027701
4 0.540256 0.703486 0.013959 0.030009
2 0.563304 0.711612 0.019153 0.041926
5 0.583106 0.710193 0.014608 0.023802
1 0.598039 0.709545 0.012011 0.027124
0 0.608215 0.709257 0.007693 0.027701
5 0.618379 0.712361 0.011792 0.025455
4 0.633434 0.714981 0.014108 0.039680
0 0.647121 0.711986 0.013266 0.035188