4 0.365079 0.647657 0.015582 0.039142
5 0.397767 0.637420 0.013888 0.028303
4 0.439431 0.650970 0.015920 0.063832
3 0.473304 0.649163 0.015243 0.028905
5 0.491596 0.647055 0.013888 0.033121
1 0.513105 0.640732 0.014904 0.033723
2 0.526655 0.640732 0.014227 0.032518
2 0.556632 0.644044 0.017275 0.034325
2 0.595587 0.644647 0.021340 0.030712
1 0.628952 0.648561 0.015582 0.033723
7 0.659438 0.645249 0.013549 0.033121
5 0.676544 0.644044 0.015243 0.030712
4 0.697545 0.653077 0.013888 0.029507
1 0.711433 0.651873 0.012533 0.022281