7 0.347307 0.734155 0.024722 0.052625
5 0.389432 0.730685 0.022445 0.054939
1 0.422287 0.730106 0.013337 0.032963
5 0.444732 0.733287 0.020494 0.053204
6 0.464901 0.734733 0.015289 0.052625
5 0.483117 0.732709 0.014638 0.040481
7 0.502472 0.725191 0.014964 0.032385
5 0.520851 0.724613 0.015939 0.031228
2 0.552730 0.730685 0.020494 0.046842
4 0.585260 0.730106 0.015939 0.047999
5 0.604777 0.732130 0.020494 0.041638
1 0.627385 0.734444 0.014313 0.039325
5 0.643000 0.735022 0.017566 0.042794
1 0.663819 0.733576 0.016915 0.045686
4 0.676180 0.730106 0.009759 0.042216
5 0.688216 0.735600 0.013012 0.033542
5 0.728552 0.732130 0.020168 0.049734
0 0.749859 0.733865 0.020494 0.038168